PREPROCESSING TIMES:
Occ: [0.7802751064300537, 1.4601683616638184, 2.332689046859741, 3.2211339473724365, 4.027717113494873, 4.922795057296753, 7.513693332672119, 6.824069499969482, 7.56366491317749, 8.603044748306274, 9.236703395843506, 10.2460458278656, 11.746269941329956, 12.415424823760986, 12.73688554763794, 14.826374053955078, 14.9653160572052, 16.2117862701416, 17.980690956115723, 18.08346724510193]
Ohe: [0.19890999794006348, 0.30782318115234375, 0.4627349376678467, 0.6216480731964111, 0.7755305767059326, 0.8664991855621338, 0.9784176349639893, 1.176299810409546, 1.3872063159942627, 1.5121333599090576, 1.5870726108551025, 1.5970609188079834, 1.8169350624084473, 1.97684645652771, 2.109769105911255, 2.204759120941162, 2.470585346221924, 2.528550148010254, 2.6554811000823975, 2.8355143070220947]
WT1: [0.24184131622314453, 0.4377279281616211, 0.6366333961486816, 0.8605022430419922, 1.0404071807861328, 1.2442874908447266, 1.4021954536437988, 1.6460609436035156, 1.8649287223815918, 2.0318374633789062, 2.183765411376953, 2.328664779663086, 2.5265750885009766, 2.82440185546875, 2.932227373123169, 3.1811766624450684, 3.2361435890197754, 3.441027879714966, 3.6429314613342285, 3.866811513900757]
WT2: [0.2208695411682129, 0.4207580089569092, 0.6326148509979248, 0.8525347709655762, 0.9975345134735107, 1.1873407363891602, 1.3832101821899414, 1.6260857582092285, 1.7819797992706299, 2.0028722286224365, 2.171734571456909, 2.279693603515625, 2.4775781631469727, 2.7214391231536865, 2.9063541889190674, 3.0752370357513428, 3.315077066421509, 3.427013874053955, 3.5529439449310303, 3.6586883068084717]

QUERY TIMES:
Occ: [0.028981447219848633, 0.049967288970947266, 0.07493281364440918, 0.12792372703552246, 0.13489603996276855, 0.18489503860473633, 0.20689845085144043, 0.3008413314819336, 0.2738633155822754, 0.41776156425476074, 0.3977932929992676, 0.4317512512207031, 0.38275980949401855, 0.5726475715637207, 0.43974876403808594, 0.7195658683776855, 0.6706149578094482, 0.7555603981018066, 0.795541524887085, 0.7772798538208008]
Ohe: [0.10496020317077637, 0.1988844871520996, 0.34380269050598145, 0.45673632621765137, 0.575671911239624, 0.6366350650787354, 0.8095154762268066, 0.8984687328338623, 1.027390718460083, 1.2203214168548584, 1.230273962020874, 1.2672719955444336, 1.5101509094238281, 1.5521094799041748, 1.7550146579742432, 1.8139889240264893, 1.8219549655914307, 1.896911859512329, 2.221299648284912, 2.1851770877838135]
WT1: [0.5526831150054932, 1.1123840808868408, 1.7260100841522217, 2.361668109893799, 2.9073312282562256, 3.409066677093506, 4.088656425476074, 4.6073572635650635, 5.368922472000122, 6.331348419189453, 6.626222372055054, 6.764123201370239, 7.7155773639678955, 8.48613715171814, 9.09478497505188, 9.693789958953857, 10.135189533233643, 10.548952341079712, 12.36437702178955, 11.853363990783691]
WT2: [1.1773028373718262, 2.2766928672790527, 3.296109676361084, 4.533378839492798, 5.5048463344573975, 6.664179086685181, 7.562663793563843, 8.835956335067749, 10.495983839035034, 11.390491724014282, 12.725682020187378, 13.356343984603882, 14.776527643203735, 15.963868141174316, 20.791059494018555, 18.554383516311646, 19.229998350143433, 19.68973207473755, 22.497378826141357, 22.906325101852417]
