PREPROCESSING TIMES:
Occ: [0.0019989013671875, 0.005019187927246094, 0.008017301559448242, 0.011992692947387695, 0.010993003845214844, 0.015013933181762695, 0.020969629287719727, 0.023988723754882812, 0.028004169464111328, 0.03097987174987793]
Ohe: [0.0009996891021728516, 0.0019991397857666016, 0.002997159957885742, 0.0029914379119873047, 0.003999948501586914, 0.005019426345825195, 0.004998445510864258, 0.00799417495727539, 0.008972883224487305, 0.005995988845825195]
WT1: [0.0029964447021484375, 0.004975080490112305, 0.007995128631591797, 0.006995439529418945, 0.010014057159423828, 0.012993812561035156, 0.015011310577392578, 0.017987728118896484, 0.02200913429260254, 0.02301168441772461]
WT2: [0.001998424530029297, 0.0039980411529541016, 0.006994485855102539, 0.007998466491699219, 0.009995222091674805, 0.010970592498779297, 0.013991832733154297, 0.024987459182739258, 0.026964187622070312, 0.023964881896972656]

QUERY TIMES:
Occ: [0.001001119613647461, 0.0, 0.001978158950805664, 0.0019986629486083984, 0.0029976367950439453, 0.0019979476928710938, 0.0040166378021240234, 0.007996559143066406, 0.006995439529418945, 0.0050182342529296875]
Ohe: [0.0029964447021484375, 0.006975650787353516, 0.010015010833740234, 0.012013912200927734, 0.017990827560424805, 0.018989086151123047, 0.023965120315551758, 0.03797459602355957, 0.03696036338806152, 0.029983043670654297]
WT1: [0.006997823715209961, 0.016010761260986328, 0.0199892520904541, 0.028960227966308594, 0.03196001052856445, 0.039957284927368164, 0.0659635066986084, 0.11693143844604492, 0.06496119499206543, 0.07793688774108887]
WT2: [0.006994724273681641, 0.017968416213989258, 0.02898263931274414, 0.03498220443725586, 0.04298210144042969, 0.07097935676574707, 0.06698083877563477, 0.08894896507263184, 0.08796977996826172, 0.1159517765045166]
