PREPROCESSING TIMES:
Occ: [0.21289658546447754, 0.1739063262939453, 0.3197953701019287, 0.35080599784851074, 0.49274277687072754, 0.5167279243469238, 0.6296393871307373, 0.7076160907745361, 0.8055622577667236, 0.8365230560302734, 1.0284183025360107, 1.0824015140533447, 1.1343574523925781, 1.2423059940338135, 1.3212432861328125, 1.4561643600463867, 1.6490612030029297, 1.6190731525421143, 1.6980040073394775, 1.8129351139068604]
Ohe: [0.0319826602935791, 0.04199862480163574, 0.06796097755432129, 0.10393476486206055, 0.11495161056518555, 0.11993217468261719, 0.15693306922912598, 0.18691086769104004, 0.18988776206970215, 0.2148745059967041, 0.23284459114074707, 0.2468559741973877, 0.27486705780029297, 0.40776586532592773, 0.32980871200561523, 0.34780120849609375, 0.3538210391998291, 0.38675618171691895, 0.41274142265319824, 0.4297306537628174]
WT1: [0.10993576049804688, 0.16988039016723633, 0.24488019943237305, 0.30782556533813477, 0.3547980785369873, 0.4217350482940674, 0.4877197742462158, 0.5406894683837891, 0.6206254959106445, 0.6596019268035889, 0.730583667755127, 0.7895474433898926, 0.8255198001861572, 0.9624476432800293, 0.9784402847290039, 1.0404012203216553, 1.165332317352295, 1.1453649997711182, 1.2312965393066406, 1.2802674770355225]
WT2: [0.09892439842224121, 0.1679227352142334, 0.2548539638519287, 0.31182098388671875, 0.35477447509765625, 0.43175387382507324, 0.47672557830810547, 0.5476675033569336, 0.6206405162811279, 0.6446278095245361, 0.7215828895568848, 0.7725365161895752, 0.829505443572998, 0.8834946155548096, 1.003424882888794, 1.0503807067871094, 1.413165807723999, 1.1453211307525635, 1.2033300399780273, 1.2832884788513184]

QUERY TIMES:
Occ: [0.020987272262573242, 0.04497098922729492, 0.0739603042602539, 0.09893584251403809, 0.13191699981689453, 0.13889431953430176, 0.16588282585144043, 0.200880765914917, 0.21485447883605957, 0.2608482837677002, 0.27385783195495605, 0.29180908203125, 0.32480859756469727, 0.33380627632141113, 0.3747825622558594, 0.3947916030883789, 0.42177343368530273, 0.42577481269836426, 0.4627549648284912, 0.5047318935394287]
Ohe: [0.08894634246826172, 0.18289518356323242, 0.2968261241912842, 0.4087677001953125, 0.4956984519958496, 0.5956804752349854, 0.7355780601501465, 0.8145132064819336, 0.9035022258758545, 0.98445725440979, 1.1253316402435303, 1.290259599685669, 1.3372306823730469, 1.476137399673462, 1.5750963687896729, 1.6550512313842773, 1.8339486122131348, 1.841944694519043, 2.0048506259918213, 2.1477692127227783]
WT1: [0.22087597846984863, 0.4437241554260254, 0.6796104907989502, 0.8994836807250977, 1.160355806350708, 1.4331779479980469, 1.651057481765747, 1.9269161224365234, 2.0898027420043945, 2.3626468181610107, 2.7354540824890137, 2.9083328247070312, 3.0742595195770264, 3.2891345024108887, 3.658903121948242, 3.8188109397888184, 4.15959358215332, 4.214583396911621, 4.713298320770264, 4.905187368392944]
WT2: [0.42775487899780273, 0.8535096645355225, 1.289283275604248, 1.827972412109375, 2.256706953048706, 2.588495969772339, 3.0992419719696045, 3.540947198867798, 4.04268217086792, 4.392480134963989, 4.98314356803894, 5.28299355506897, 5.634769678115845, 6.046534299850464, 6.612210512161255, 7.393740892410278, 7.637623071670532, 7.68657374382019, 8.694992780685425, 9.11676573753357]
