PREPROCESSING TIMES:
Occ: [0.11093997955322266, 0.2668483257293701, 0.23986411094665527, 0.32179808616638184, 0.4227619171142578, 0.5127036571502686, 0.6266462802886963, 0.6815903186798096, 0.7455744743347168, 0.8455159664154053, 0.9814176559448242, 1.00040864944458, 1.1293597221374512, 1.2193255424499512, 1.3082568645477295, 1.384204387664795, 1.41318941116333, 1.5540897846221924, 1.7030243873596191, 1.7040247917175293]
Ohe: [0.046975135803222656, 0.07395744323730469, 0.07095813751220703, 0.08393025398254395, 0.10793328285217285, 0.12992644309997559, 0.13689661026000977, 0.18588709831237793, 0.1788954734802246, 0.23088955879211426, 0.25387096405029297, 0.22784900665283203, 0.26786160469055176, 0.33978843688964844, 0.320817232131958, 0.3157980442047119, 0.3328099250793457, 0.40274715423583984, 0.41474080085754395, 0.39874982833862305]
WT1: [0.11593222618103027, 0.2808403968811035, 0.206862211227417, 0.27486252784729004, 0.33780646324157715, 0.4217565059661865, 0.4447457790374756, 0.6096518039703369, 0.5666565895080566, 0.705573558807373, 0.7795343399047852, 0.7355966567993164, 0.8764982223510742, 0.8955056667327881, 1.111391305923462, 1.0304081439971924, 1.074364423751831, 1.112389326095581, 1.263273000717163, 1.2083306312561035]
WT2: [0.10793733596801758, 0.20788025856018066, 0.22786927223205566, 0.2868356704711914, 0.3377840518951416, 0.47572851181030273, 0.4887208938598633, 0.5337152481079102, 0.5836844444274902, 0.6266438961029053, 0.788564920425415, 0.7435739040374756, 0.9064574241638184, 0.9894096851348877, 1.017388105392456, 1.0663902759552002, 1.044419527053833, 1.1283490657806396, 1.2842652797698975, 1.1983113288879395]

QUERY TIMES:
Occ: [0.041974544525146484, 0.045972585678100586, 0.06595897674560547, 0.09096670150756836, 0.10791826248168945, 0.13992047309875488, 0.16891908645629883, 0.18988895416259766, 0.2148754596710205, 0.24887776374816895, 0.26984071731567383, 0.2708418369293213, 0.33180809020996094, 0.3417816162109375, 0.35869598388671875, 0.41176581382751465, 0.4327514171600342, 0.45073962211608887, 0.48374271392822266, 0.47671055793762207]
Ohe: [0.2688448429107666, 0.2348644733428955, 0.28085994720458984, 0.39377450942993164, 0.4697279930114746, 0.5836648941040039, 0.6725907325744629, 0.7905611991882324, 0.899489164352417, 0.9764177799224854, 1.040402889251709, 1.1913371086120605, 1.3242406845092773, 1.3872244358062744, 1.4511680603027344, 1.549109935760498, 1.6620476245880127, 1.8626854419708252, 1.9698493480682373, 1.960897445678711]
WT1: [0.6176455020904541, 0.641653299331665, 0.6913871765136719, 0.8545103073120117, 1.2563025951385498, 1.3892054557800293, 1.5870904922485352, 1.8839037418365479, 1.951862096786499, 2.339658498764038, 2.5605318546295166, 2.709446907043457, 2.9263203144073486, 3.1671838760375977, 3.2531352043151855, 3.5449893474578857, 3.937742233276367, 4.611356496810913, 4.64633584022522, 4.480411529541016]
WT2: [1.0114226341247559, 2.1517441272735596, 3.4560208320617676, 5.766673803329468, 8.937875509262085, 8.062398910522461, 16.293682098388672, 20.735114812850952, 25.717276096343994, 32.719242572784424, 37.97223162651062, 45.23606753349304, 53.44336414337158, 61.37483763694763, 69.79798793792725, 78.85581636428833, 89.9174370765686, 102.62416696548462, 111.42614388465881, 126.5364580154419]
