PREPROCESSING TIMES:
Occ: [0.9844424724578857, 1.4451322555541992, 2.374650716781616, 3.1012001037597656, 3.9707484245300293, 5.003112077713013, 5.831656217575073, 6.5452258586883545, 7.557667970657349, 8.36720585823059, 12.095070123672485, 10.208145380020142, 10.90180778503418, 11.738293170928955, 12.465851306915283, 13.73410701751709, 14.429571390151978, 16.465579986572266, 18.016669034957886, 17.645901679992676]
Ohe: [0.18090009689331055, 0.2728450298309326, 0.45472240447998047, 0.5996801853179932, 0.8245289325714111, 0.9194538593292236, 1.059394359588623, 1.0923750400543213, 1.2612988948822021, 1.480154275894165, 1.9788689613342285, 1.7939767837524414, 1.8629341125488281, 1.9288737773895264, 1.9928576946258545, 2.2587037086486816, 2.3676419258117676, 3.138200521469116, 2.692434072494507, 2.8433725833892822]
WT1: [0.21587419509887695, 0.4097630977630615, 0.6136670112609863, 0.8255043029785156, 1.1423418521881104, 1.2532994747161865, 1.409212589263916, 1.605079174041748, 1.7831330299377441, 1.9678497314453125, 2.7534213066101074, 2.300656318664551, 2.7314486503601074, 2.671647787094116, 3.0372579097747803, 3.1412174701690674, 3.2401444911956787, 4.2795679569244385, 3.5959393978118896, 3.672896146774292]
WT2: [0.1968843936920166, 0.40874576568603516, 0.6076512336730957, 0.808936357498169, 1.0264134407043457, 1.1913166046142578, 1.386183500289917, 1.6980488300323486, 1.7809629440307617, 1.9069030284881592, 2.8673527240753174, 2.283691167831421, 2.52355694770813, 2.6035046577453613, 2.969277858734131, 3.1831746101379395, 3.1851963996887207, 3.5309581756591797, 3.5439724922180176, 3.652906894683838]

QUERY TIMES:
Occ: [5.59528604349788e-07, 5.794538726670838e-07, 4.730510964074042e-07, 5.497869181949257e-07, 4.996937791179499e-07, 5.363549791687055e-07, 5.426037135499367e-07, 5.422375951353823e-07, 5.375081939311728e-07, 5.476797594378444e-07, 8.213379405017292e-07, 5.663413304457236e-07, 5.673623526315744e-07, 5.63959610319802e-07, 6.783056751822768e-07, 6.096727975746829e-07, 6.102111593664094e-07, 8.294989058254617e-07, 8.058725206288948e-07, 6.046317729927388e-07]
Ohe: [2.2386675374402667e-06, 1.978830576379295e-06, 2.318651318345866e-06, 2.0987870658028302e-06, 2.150673846645434e-06, 2.2054606673141332e-06, 2.041645347539869e-06, 2.0662571987445153e-06, 2.26314147721219e-06, 2.19478072854157e-06, 2.7275291615891575e-06, 2.22541994488725e-06, 2.378630279871685e-06, 2.2429655593874054e-06, 2.269335899898325e-06, 2.160009723980002e-06, 2.275187115717938e-06, 2.1365727420818543e-06, 2.1755695029309253e-06, 2.343674461821754e-06]
WT1: [1.097348677568685e-05, 1.0813912494572564e-05, 1.2073000847759648e-05, 1.1253491401000026e-05, 1.1281481439626e-05, 1.1386766624799728e-05, 1.0859434572104138e-05, 1.1108657960242917e-05, 1.14311997382234e-05, 2.1345205055103807e-05, 1.5314820794619595e-05, 1.1475069073864573e-05, 1.1510272657840931e-05, 1.1774694787894165e-05, 1.1376157533307697e-05, 1.1781953150900236e-05, 1.1535725766254671e-05, 1.1611086341957016e-05, 1.2095160551879209e-05, 1.1942121722963116e-05]
WT2: [2.1907048774612887e-05, 2.2127085190482324e-05, 2.2313730572749145e-05, 2.2202164980614916e-05, 2.225116603073627e-05, 2.1993986567285986e-05, 2.1279227902854707e-05, 2.2007328089818813e-05, 2.37485543311138e-05, 3.828597565506895e-05, 2.940309076937709e-05, 2.240208667073181e-05, 2.4056940848231966e-05, 2.2382847962901e-05, 2.2044665189734337e-05, 2.2905592598611517e-05, 2.2717516202318225e-05, 2.2654763057241623e-05, 2.423555533477214e-05, 2.3147705533858797e-05]
