PREPROCESSING TIMES:
Occ: [7.663587331771851, 14.77651071548462, 21.74653935432434, 29.022371768951416, 36.62701368331909, 44.12071967124939, 51.72236514091492, 58.65539002418518, 66.67879438400269, 76.60710525512695, 81.1984965801239, 88.43834853172302, 97.38840317726135, 101.97154903411865, 112.70042634010315, 120.29711866378784, 123.2463812828064, 132.4990999698639, 143.87878513336182, 154.60832357406616]
Ohe: [0.10094141960144043, 0.22386980056762695, 0.2938532829284668, 0.4067847728729248, 0.5107064247131348, 0.6356122493743896, 0.7465691566467285, 0.8215479850769043, 0.9724421501159668, 1.0324292182922363, 1.1333706378936768, 1.2542791366577148, 1.3412299156188965, 1.4311561584472656, 1.5311024188995361, 1.6140549182891846, 1.7539758682250977, 1.873945951461792, 2.244719982147217, 2.3898539543151855]
WT1: [0.20885968208312988, 0.34980082511901855, 0.4737060070037842, 0.6586005687713623, 0.8125121593475342, 1.1033682823181152, 1.2223021984100342, 1.3751904964447021, 1.516108751296997, 1.6630468368530273, 1.9179010391235352, 2.093777894973755, 2.338679075241089, 2.5675320625305176, 2.68048357963562, 2.8733739852905273, 2.944309949874878, 3.2021644115448, 3.6045446395874023, 3.734283685684204]
WT2: [0.17292070388793945, 0.3358275890350342, 0.4907410144805908, 0.6396346092224121, 0.8115346431732178, 1.0543951988220215, 1.1663517951965332, 1.3382346630096436, 1.4991421699523926, 1.7369823455810547, 1.9778447151184082, 2.21273136138916, 2.382612466812134, 2.480597734451294, 2.785381555557251, 2.8473451137542725, 2.937338352203369, 3.1401803493499756, 3.713932752609253, 3.7192230224609375]

QUERY TIMES:
Occ: [6.196756405448063e-07, 7.096076576465681e-07, 6.661450163289602e-07, 6.597175990865651e-07, 6.996851590230358e-07, 6.630295269112612e-07, 6.681198376943672e-07, 6.821084851203278e-07, 6.796053513042432e-07, 7.135906252784662e-07, 6.72340471094163e-07, 6.729464441371113e-07, 7.118665307174692e-07, 6.939186673485067e-07, 6.916027384465115e-07, 6.883830167986033e-07, 6.643046249233848e-07, 7.695340507137121e-07, 7.945215495097227e-07, 7.811984356442157e-07]
Ohe: [1.5394761227089912e-06, 1.5992696098734814e-06, 1.5392423374648205e-06, 1.803845684674775e-06, 1.555013158609475e-06, 1.569091811777701e-06, 1.6705301784028943e-06, 1.6065765986021437e-06, 1.632398050746031e-06, 1.5810939638191524e-06, 1.6135771630750356e-06, 1.647352810900019e-06, 1.5975439729745292e-06, 1.5662429777897471e-06, 1.6630449373512163e-06, 1.6752874771759013e-06, 1.6343751079710644e-06, 1.7145959028836214e-06, 1.8815128698758184e-06, 1.8751852833993114e-06]
WT1: [1.2692030743430542e-05, 1.1753145942051322e-05, 1.2066194837428297e-05, 1.168336033396127e-05, 1.2085036575014832e-05, 1.1943049357112495e-05, 1.2030214951120996e-05, 1.2320460870410019e-05, 1.2235179838570628e-05, 1.2334904796437965e-05, 1.245833515945565e-05, 1.2223009559703713e-05, 1.2392884041887757e-05, 1.209305363997621e-05, 1.2491519802973596e-05, 1.2492802620347737e-05, 1.226707445822338e-05, 1.2411763387598244e-05, 1.3522115577932796e-05, 1.3555254255567277e-05]
WT2: [2.1067946599136864e-05, 2.1847263254967548e-05, 2.1454374017450398e-05, 2.1307682548882788e-05, 2.214330303597975e-05, 2.232387095045946e-05, 2.2244275434185143e-05, 2.2052310410682105e-05, 2.199179424695408e-05, 2.19513854642945e-05, 2.2270833184222867e-05, 2.2761920106247047e-05, 2.2405582950362356e-05, 2.1934544018287074e-05, 2.2039311905042623e-05, 2.2973054839379845e-05, 2.2291882599400815e-05, 2.2320519124390643e-05, 2.4744200258581733e-05, 2.4756833592012845e-05]
