PREPROCESSING TIMES:
Occ: [0.8017067909240723, 1.5778286457061768, 2.4141998291015625, 3.1794285774230957, 4.100804805755615, 4.776808738708496, 5.73526930809021, 6.416615962982178, 8.036213874816895, 8.232672929763794, 8.995977878570557, 10.002291917800903, 13.781900882720947, 11.500330686569214, 12.372141599655151, 13.179299116134644, 14.532918691635132, 14.587249994277954, 15.576029062271118, 17.638478755950928]
Ohe: [0.023024559020996094, 0.04840850830078125, 0.0649874210357666, 0.08772492408752441, 0.11903262138366699, 0.13287568092346191, 0.1530611515045166, 0.1821601390838623, 0.1951918601989746, 0.23962664604187012, 0.2556173801422119, 0.26084423065185547, 0.30591702461242676, 0.334545373916626, 0.32845258712768555, 0.35054588317871094, 0.3672373294830322, 0.3698153495788574, 0.38637304306030273, 0.420701265335083]
WT1: [0.06190228462219238, 0.11406779289245605, 0.17195653915405273, 0.22484135627746582, 0.30078697204589844, 0.3562934398651123, 0.4258878231048584, 0.45821189880371094, 0.5182256698608398, 0.5949077606201172, 0.6860759258270264, 0.763782262802124, 0.7858679294586182, 0.8674287796020508, 0.9283797740936279, 0.9889824390411377, 1.0232958793640137, 1.054253101348877, 1.1002259254455566, 1.1538314819335938]
WT2: [0.0580599308013916, 0.11595654487609863, 0.17414379119873047, 0.23116827011108398, 0.3084578514099121, 0.3567070960998535, 0.4012002944946289, 0.45444512367248535, 0.5117959976196289, 0.6158604621887207, 0.7054567337036133, 0.7672302722930908, 1.1221568584442139, 0.8661701679229736, 0.9622938632965088, 1.010671615600586, 1.2132863998413086, 1.123537302017212, 1.0874295234680176, 1.1564297676086426]

QUERY TIMES:
Occ: [7.198142093676682e-07, 6.59983710831837e-07, 6.99593330530954e-07, 7.34530590957885e-07, 7.319058705942911e-07, 6.935923026903713e-07, 6.89595840743887e-07, 6.998545316441884e-07, 7.294172396142505e-07, 7.446412452450974e-07, 7.466176936662938e-07, 7.334692969349202e-07, 7.238292562191506e-07, 9.052498691786536e-07, 7.268628919334618e-07, 7.862784570780761e-07, 7.609195732991808e-07, 7.120749720841239e-07, 8.921819631470187e-07, 7.293116905796669e-07]
Ohe: [1.3171457075619229e-06, 1.3267575148955542e-06, 1.3592104896831612e-06, 1.4081705733591693e-06, 1.4820115890434875e-06, 1.4352170469470017e-06, 1.4865723779293666e-06, 1.4498751871482748e-06, 1.543027309880989e-06, 1.5985814547841118e-06, 1.7807663704804893e-06, 1.6090096041856532e-06, 1.5916843869105886e-06, 1.5844639213686795e-06, 1.609776893649526e-06, 1.6127646671458202e-06, 1.650035824284313e-06, 1.5377798478030717e-06, 1.5270621136708682e-06, 1.6824459894442692e-06]
WT1: [5.004558607863487e-06, 4.727690626688704e-06, 4.899060649633918e-06, 4.789110318440717e-06, 5.359887618066716e-06, 4.9172126259131545e-06, 4.8847658374017366e-06, 4.9368436893086235e-06, 5.06889223497445e-06, 5.483105183691977e-06, 5.20262205757726e-06, 5.443706181622103e-06, 5.035665907818112e-06, 5.261208307025416e-06, 5.20508167530858e-06, 5.252963592849311e-06, 5.3415162692510225e-06, 4.954533899937377e-06, 5.021979918301618e-06, 4.963214202587799e-06]
WT2: [8.96781151901376e-06, 9.698382191745709e-06, 8.767530483105698e-06, 9.07921543003369e-06, 9.354415669190351e-06, 8.609365534546933e-06, 8.967995906216008e-06, 9.300454253594591e-06, 8.937677549077832e-06, 9.573102878330376e-06, 9.515959604078019e-06, 9.379640284751747e-06, 9.407221186437808e-06, 9.239878737974048e-06, 9.977779118271235e-06, 9.588536257375486e-06, 9.489894809862091e-06, 8.870010057152996e-06, 8.941248968446553e-06, 8.884525712871137e-06]
