PREPROCESSING TIMES:
Occ: [0.19788384437561035, 0.16090989112854004, 0.28184032440185547, 0.3318142890930176, 0.44175076484680176, 0.5026898384094238, 0.6186256408691406, 0.6955902576446533, 0.7735610008239746, 0.9054830074310303, 0.9824388027191162, 1.0413804054260254, 1.1393513679504395, 1.2602782249450684, 1.310227870941162, 1.4151716232299805, 1.577099323272705, 1.5541090965270996, 1.6810154914855957, 1.8029654026031494]
Ohe: [0.04395318031311035, 0.039988040924072266, 0.06394052505493164, 0.08594846725463867, 0.11291313171386719, 0.14793682098388672, 0.14791083335876465, 0.16492462158203125, 0.18489480018615723, 0.20788073539733887, 0.22287201881408691, 0.2688469886779785, 0.27082109451293945, 0.2828407287597656, 0.30284595489501953, 0.33078861236572266, 0.36578941345214844, 0.36579227447509766, 0.39679455757141113, 0.44974207878112793]
WT1: [0.10096311569213867, 0.17190170288085938, 0.24488139152526855, 0.302825927734375, 0.37280774116516113, 0.4107630252838135, 0.4727356433868408, 0.5296969413757324, 0.599653959274292, 0.6785886287689209, 0.731579065322876, 0.8095138072967529, 0.8525340557098389, 0.872474193572998, 0.9434535503387451, 1.035407304763794, 1.1223363876342773, 1.128347396850586, 1.1833009719848633, 1.3152666091918945]
WT2: [0.09694600105285645, 0.17287921905517578, 0.24985599517822266, 0.3128180503845215, 0.34779953956604004, 0.41975927352905273, 0.4747433662414551, 0.5316908359527588, 0.5876631736755371, 0.6436305046081543, 0.745572566986084, 0.8065593242645264, 0.8434948921203613, 0.8675024509429932, 0.9524567127227783, 0.9774594306945801, 1.0623903274536133, 1.125359058380127, 1.2163243293762207, 1.2782461643218994]

QUERY TIMES:
Occ: [4.397399692387012e-07, 5.198927388472697e-07, 4.5971881834589855e-07, 4.498328128629132e-07, 4.316493888199252e-07, 4.497401822828885e-07, 4.883479743141024e-07, 4.972505059124315e-07, 4.597245702613174e-07, 4.7575855470847653e-07, 4.833568107668249e-07, 4.930487998340315e-07, 4.843627373751982e-07, 5.282670376258071e-07, 4.637613470852937e-07, 4.772216076813644e-07, 4.867982747190277e-07, 5.063740084206981e-07, 4.734104594111735e-07, 4.98713948307536e-07]
Ohe: [1.818515646898976e-06, 1.88887137770468e-06, 1.9787195533890125e-06, 2.0187312755910586e-06, 2.074798867857751e-06, 1.9056336142168914e-06, 1.9988479724774727e-06, 1.9288891015367068e-06, 2.003294943476786e-06, 2.0108502225317327e-06, 2.0242866644106544e-06, 2.02220619450111e-06, 2.0710806895248632e-06, 2.0916857810817317e-06, 2.0534570653205926e-06, 2.0026250482743234e-06, 2.119935009997903e-06, 2.0255026564137424e-06, 2.0020130064484544e-06, 2.2247225448697403e-06]
WT1: [4.237891316392422e-06, 4.5074012150503494e-06, 4.4507381633935265e-06, 4.607437461622506e-06, 4.457426361273559e-06, 4.474094100228325e-06, 4.537386872986446e-06, 4.457379164932215e-06, 4.461874053501452e-06, 4.941156995432591e-06, 4.650053326113759e-06, 4.858840155818978e-06, 4.740352306923998e-06, 4.607320402519229e-06, 4.699995449953169e-06, 4.6185960257661985e-06, 4.907766346464713e-06, 4.672872066644562e-06, 4.622625956109062e-06, 4.872203246235474e-06]
WT2: [8.215134349961927e-06, 8.634957748322908e-06, 8.601689214548303e-06, 8.714957769891937e-06, 8.922857832738592e-06, 8.445130649053843e-06, 9.500238659116875e-06, 8.380173951985164e-06, 8.701658515187838e-06, 8.696954022565343e-06, 8.754964862743662e-06, 8.909873815091696e-06, 8.794944510580598e-06, 8.485123569901421e-06, 8.640369656773563e-06, 8.74997326730255e-06, 8.926638872192291e-06, 8.461802405417846e-06, 8.838060261196462e-06, 8.835925326214566e-06]
