PREPROCESSING TIMES:
Occ: [0.6725924015045166, 1.3182251453399658, 2.1687605381011963, 2.6584763526916504, 3.4350337982177734, 4.182603597640991, 5.0680928230285645, 6.1044769287109375, 6.278421878814697, 6.923051357269287, 7.805506467819214, 8.515142679214478, 9.92531156539917, 10.123218297958374, 10.96171236038208, 11.455408334732056, 11.856205224990845, 13.373314142227173, 17.007251024246216, 15.403176307678223]
Ohe: [0.17389917373657227, 0.2488565444946289, 0.36777210235595703, 0.49171876907348633, 0.6446077823638916, 0.7715785503387451, 0.8085582256317139, 0.9914536476135254, 1.2642762660980225, 1.3142235279083252, 1.2702879905700684, 1.5960845947265625, 1.5931074619293213, 1.7060215473175049, 1.838965892791748, 1.9828665256500244, 1.960878849029541, 2.130779266357422, 2.2607035636901855, 2.40459942817688]
WT1: [0.21587634086608887, 0.4077436923980713, 0.6056697368621826, 0.7915670871734619, 1.03141450881958, 1.2242772579193115, 1.4091691970825195, 1.7149996757507324, 2.076805353164673, 1.982884168624878, 2.0918025970458984, 2.347653865814209, 2.5485188961029053, 2.787402391433716, 3.172159433364868, 3.1662063598632812, 3.146195888519287, 3.2661292552948, 3.3940560817718506, 3.692880868911743]
WT2: [0.19490885734558105, 0.3997938632965088, 0.7295815944671631, 0.7635619640350342, 0.9884281158447266, 1.2342920303344727, 1.4631638526916504, 1.6090962886810303, 2.021843910217285, 1.994840383529663, 2.123781442642212, 2.435603380203247, 2.6344873905181885, 2.739433526992798, 2.9383201599121094, 3.0292630195617676, 3.2031633853912354, 3.4320526123046875, 3.3850347995758057, 3.5839452743530273]

QUERY TIMES:
Occ: [0.022988080978393555, 0.04499244689941406, 0.06993389129638672, 0.0989224910736084, 0.1269242763519287, 0.1619250774383545, 0.27384257316589355, 0.26584911346435547, 0.23486089706420898, 0.2838122844696045, 0.37180471420288086, 0.41274094581604004, 0.36778759956359863, 0.3957490921020508, 0.4647517204284668, 0.522700309753418, 0.4937131404876709, 0.6086456775665283, 0.9994266033172607, 0.8475091457366943]
Ohe: [0.09196686744689941, 0.18389415740966797, 0.28485918045043945, 0.4087636470794678, 0.5387125015258789, 0.6705927848815918, 0.8065366744995117, 1.014418125152588, 0.926447868347168, 1.111363410949707, 1.1513407230377197, 1.267273187637329, 1.4851491451263428, 1.6260874271392822, 1.5997045040130615, 1.6250696182250977, 1.785975694656372, 2.0618202686309814, 3.445026159286499, 2.019700765609741]
WT1: [0.5057101249694824, 1.22727632522583, 1.5141315460205078, 2.0498247146606445, 2.6374871730804443, 3.418062925338745, 3.8048207759857178, 5.799672842025757, 5.02811598777771, 5.597810983657837, 5.630771636962891, 6.642190933227539, 7.13193154335022, 7.736565351486206, 8.063377857208252, 8.65705680847168, 8.956866025924683, 9.770398616790771, 10.687872886657715, 10.979724168777466]
WT2: [1.246286153793335, 3.2731435298919678, 6.538251876831055, 10.587931394577026, 16.387605905532837, 22.927846908569336, 29.09134292602539, 39.290496826171875, 47.45379590988159, 35.65253925323486, 63.05785036087036, 81.0885157585144, 97.946852684021, 94.36989998817444, 86.68728685379028, 127.76575589179993, 154.5244152545929, 120.39300203323364, 179.36419582366943, 149.5202624797821]
