PREPROCESSING TIMES:
Occ: [0.08062124252319336, 0.1536715030670166, 0.2663247585296631, 0.33876466751098633, 0.43585848808288574, 0.50016188621521, 0.5977730751037598, 0.7105498313903809, 0.7827510833740234, 0.8471426963806152, 0.9759585857391357, 0.9930734634399414, 1.1002440452575684, 1.1688334941864014, 1.2338216304779053, 1.3632185459136963, 1.41959547996521, 1.6095895767211914, 1.7646842002868652, 1.719175100326538]
Ohe: [0.032155752182006836, 0.040309906005859375, 0.08043885231018066, 0.12099003791809082, 0.12103676795959473, 0.14522433280944824, 0.15331196784973145, 0.17741608619689941, 0.19348549842834473, 0.22563385963439941, 0.2580862045288086, 0.2579355239868164, 0.26605987548828125, 0.29837870597839355, 0.36269688606262207, 0.3708031177520752, 0.3789544105529785, 0.4113616943359375, 0.41130638122558594, 0.45136523246765137]
WT1: [0.10518741607666016, 0.1855332851409912, 0.26605796813964844, 0.34673261642456055, 0.3947889804840088, 0.45947861671447754, 0.5088248252868652, 0.5969903469085693, 0.6452279090881348, 0.7232916355133057, 0.7967817783355713, 0.8138778209686279, 0.9424893856048584, 0.983738899230957, 1.0392000675201416, 1.1036651134490967, 1.1854186058044434, 1.235368013381958, 1.297760009765625, 1.3713393211364746]
WT2: [0.09642219543457031, 0.1846761703491211, 0.28330254554748535, 0.321990966796875, 0.3707561492919922, 0.4315502643585205, 0.4999518394470215, 0.5938904285430908, 0.6533656120300293, 0.7342586517333984, 0.7573413848876953, 0.8636550903320312, 0.9116899967193604, 0.9671163558959961, 1.0233204364776611, 1.1377944946289062, 1.1530559062957764, 1.2902779579162598, 1.2900476455688477, 1.3705949783325195]

QUERY TIMES:
Occ: [0.02415156364440918, 0.04866456985473633, 0.07300305366516113, 0.1046452522277832, 0.13391685485839844, 0.15314579010009766, 0.19349193572998047, 0.21803879737854004, 0.3323330879211426, 0.27485108375549316, 0.34661316871643066, 0.34708094596862793, 0.35564565658569336, 0.38811397552490234, 0.5091314315795898, 0.45226359367370605, 0.5498085021972656, 0.5162301063537598, 0.6376757621765137, 0.6531610488891602]
Ohe: [0.11273002624511719, 0.19376468658447266, 0.3223588466644287, 0.41143059730529785, 0.5076544284820557, 0.5921905040740967, 0.6933813095092773, 0.837986946105957, 1.2523837089538574, 1.032808780670166, 1.9126663208007812, 1.218628168106079, 1.8245279788970947, 1.450895071029663, 1.8611459732055664, 1.7000720500946045, 1.8302714824676514, 2.777554988861084, 2.1068105697631836, 3.4308078289031982]
WT1: [0.2258615493774414, 0.4433577060699463, 0.702282190322876, 0.9184870719909668, 1.177060604095459, 1.4444293975830078, 1.585087537765503, 1.8950998783111572, 2.206712245941162, 2.3772902488708496, 3.760669469833374, 2.9104626178741455, 3.120743989944458, 3.3398122787475586, 3.6771934032440186, 3.8740763664245605, 4.137125253677368, 4.487196207046509, 4.581355094909668, 5.640935659408569]
WT2: [0.42804813385009766, 0.8542449474334717, 1.3463902473449707, 1.7247974872589111, 2.241575241088867, 2.9474942684173584, 3.0828728675842285, 3.5224053859710693, 4.0148913860321045, 4.329874277114868, 5.453429222106934, 5.3470258712768555, 5.758073806762695, 6.140753746032715, 6.720016717910767, 7.190326690673828, 7.517033576965332, 8.000221729278564, 8.409822940826416, 9.114191055297852]
